    2.71
   4.752
   1.777
   1.997
   4.299
   3.978
   1.131
   8.645
    1.56
   4.674
   5.149
   4.497
   1.226
   3.761
    1.84
  0.3297
   6.293
   3.572
   3.198
  0.2563
   2.068
  0.4424
   1.491
   9.673
  0.5909
   3.112
   4.441
   2.066
   5.512
    2.54
  0.3771
    1.96
   3.129
   3.883
     1.5
   1.675
   2.411
   3.965
  0.8188
     2.9
   5.731
   3.841
   3.035
  0.8277
  0.8323
   4.793
   11.29
   0.646
   6.664
  0.5497
   3.707
  0.6455
   2.745
   2.012
   2.821
   4.188
   2.559
   2.509
   3.044
   1.524
   1.433
   1.568
   2.248
   1.113
   3.386
   0.453
   6.581
     7.9
   7.419
   3.017
   3.099
   2.479
   3.674
   1.586
   1.365
   1.903
   2.419
   2.106
    3.57
   4.328
   1.311
   2.082
   1.198
   8.724
   5.097
   1.074
   10.76
  0.4887
   1.937
   1.514
   0.451
   2.122
   3.348
   3.559
    2.39
    3.91
   8.496
   7.462
  0.2522
    6.58
     1.3
   3.285
   2.628
  0.5298
   1.476
   3.371
   2.075
  0.7577
    2.27
   3.049
   1.658
   3.508
   1.216
   5.234
   5.367
   1.064
   4.029
   1.645
   4.764
   1.401
   3.409
   4.452
   4.832
   5.052
  0.8354
   1.697
   2.335
   3.234
   2.218
   3.023
  0.5022
   1.107
  0.3927
   1.503
   2.046
   1.292
   6.322
   2.469
   1.575
   2.524
   2.921
   4.372
   3.474
    2.44
  0.2714
   4.865
   1.016
   2.842
   6.588
   1.454
   4.966
   2.127
   4.329
   2.908
   1.853
   1.409
   1.727
   1.411
  0.3728
   2.389
   4.768
   2.033
  0.9245
   2.338
   1.447
   3.843
   1.912
   5.041
   7.456
   6.828
   8.495
   0.845
   1.815
  0.8933
   7.054
   2.243
   0.953
   4.941
   1.387
   6.159
    4.29
   2.363
  0.5001
    4.87
   1.383
   3.076
   1.979
    1.33
   5.888
   1.719
   1.867
   3.534
   1.047
   3.105
   2.774
   2.107
   1.062
  0.9206
   1.964
  0.5115
    6.13
    4.94
   13.09
   6.066
   2.823
   3.615
   1.817
   2.853
   2.676
    9.51
   3.963
   1.437
   3.593
   4.742
   4.062
   4.136
   4.668
   1.192
   1.177
  0.7718
   14.68
   1.986
   3.908
   1.163
   3.792
   2.197
   5.031
   1.184
   2.419
  0.7756
   3.041
   4.079
   3.741
  0.8664
   3.083
  0.5418
   4.785
   1.985
   3.626
   1.313
   6.735
  0.8406
   3.097
   3.875
   1.449
   6.589
   3.376
   5.027
   5.232
   3.146
