    0.29
  0.6787
  0.4393
  0.2093
  0.3174
  0.2653
  0.1312
  0.3595
 0.01544
   1.266
  0.1176
  0.2403
   1.118
  0.2659
 0.02144
   1.142
 0.09485
 0.07782
 0.04828
  0.4969
 0.03589
  0.3328
    1.01
  0.2839
 0.007911
  0.0104
   1.679
 0.07029
 0.05556
 0.03312
  0.1197
  0.1648
 0.003837
  0.2437
  0.1872
 0.01928
  0.2485
  0.5152
  0.3685
  0.2984
  0.2947
  0.1288
  0.4322
  0.7954
  0.5425
 0.02569
  0.4545
  0.2661
   0.469
  0.1897
  0.4082
  0.1784
  0.2934
  0.2972
 0.08281
  0.3814
   1.129
 0.05767
  0.3415
 0.08666
  0.1693
 0.09283
  0.3543
  0.1364
 0.004634
  0.8156
 0.04694
  0.6357
  0.2613
   1.275
  0.1675
  0.3529
   0.856
  0.0599
  0.9671
  0.2602
 0.002486
  0.4032
  0.1658
  0.2117
  0.6016
 0.09855
  0.9702
 0.06538
   0.103
 0.07245
 0.04227
 0.06116
  0.6455
  0.1267
  0.8755
 0.03729
  0.1023
  0.7629
  0.1727
  0.2554
  0.9198
  0.0427
  0.2332
  0.0183
 0.07571
  0.6687
  0.1539
  0.4038
  0.4545
  0.9791
 0.0006765
   1.376
  0.1954
  0.3043
 0.09329
   1.052
   0.282
  0.2212
  0.1028
   1.285
  0.1718
  0.9987
  0.1009
  0.3212
 0.06245
  0.4065
   0.336
 0.03811
  0.1662
  0.9951
   0.259
   1.451
  0.3273
  0.4081
  0.4654
  0.1204
  0.2427
  0.4362
   1.221
 0.03674
  0.1122
  0.3188
  0.1955
 0.09579
  0.2635
  0.1686
   0.017
  0.4292
   0.273
  0.2048
  0.3121
  0.0879
  0.5111
  0.6745
  0.4984
 0.06181
  0.6588
 0.01298
 0.03534
 0.01226
   1.004
  0.4935
  0.2775
 0.05357
  0.1881
  0.4853
  0.2707
  0.5183
 0.01423
   0.137
 0.02395
  0.3921
 0.09748
  0.3371
   0.148
  0.7819
 0.08158
 0.08904
 0.01675
 0.01168
  0.7489
 0.003393
    0.18
  0.6704
  0.3872
  0.2109
  0.1152
   0.171
  0.1726
  0.2206
 0.03912
 0.06469
  0.2832
  0.1069
  0.2157
 0.007078
 0.07079
  0.6847
 0.03869
 0.06761
  0.4908
  0.9779
 0.01158
  0.6317
   0.667
   1.078
  0.1165
   1.675
  0.6218
  0.4494
   1.872
  0.2905
 0.05894
  0.1893
  0.3221
  0.1198
  0.7565
  0.4868
  0.8688
  0.1926
  0.4812
  0.4957
   1.455
  0.1338
  0.1892
  0.5894
   0.491
 0.02601
 0.09065
 0.03445
 0.02847
  0.3389
   0.103
  0.1255
  0.4363
  0.1821
  0.6095
 0.009149
  0.1245
 0.01684
  0.1418
 0.02596
  0.0481
  0.3319
  0.1977
  0.2927
  0.3547
  0.2016
  0.3777
  0.1091
  0.1178
  0.7294
  0.1752
 0.03745
