   1.123
 0.01083
   2.438
   3.093
   2.407
   8.623
   0.658
  0.4774
  0.3732
   0.487
   1.964
   1.253
   3.633
   2.067
  0.7785
   1.231
   2.049
  0.4996
   2.324
   5.182
    4.65
    1.66
   3.015
   1.084
   3.649
  0.5777
  0.8307
   2.006
   0.665
   1.039
   3.618
  0.6987
  0.3434
   3.439
   3.493
   1.175
 0.03227
   10.92
   4.557
    2.99
  0.3228
   1.717
   4.382
    2.68
   3.954
   1.144
   1.038
   3.101
  0.7374
  0.5185
   3.585
 0.06542
   3.024
   1.598
   2.285
   1.565
   6.649
   1.505
  0.5244
  0.5033
  0.3735
  0.3546
   3.441
  0.6815
  0.8003
   3.765
   6.787
    6.46
   2.756
   5.385
   2.053
  0.7204
  0.1959
  0.8904
   7.305
   6.035
 0.01648
   6.802
   1.128
   2.088
   2.167
   2.979
  0.3815
   2.108
   3.013
   7.146
   5.362
   11.54
   1.653
  0.3039
  0.8221
 0.03891
  0.6737
   7.424
  0.3846
   4.428
   2.887
   7.249
   4.969
   3.963
   2.977
  0.6413
  0.9239
   7.547
  0.6843
   3.977
   11.03
   8.426
   3.941
  0.4831
    2.37
   1.579
  0.5131
    1.03
  0.5307
   3.488
   2.604
   0.475
  0.5484
   3.663
     1.5
  0.3909
   1.294
    2.32
   3.145
   1.537
   7.993
   0.863
   3.385
   2.157
   3.687
    8.49
   2.552
  0.1365
   1.595
     1.4
   1.166
   3.261
   1.866
  0.3938
  0.3912
   1.771
   5.291
   1.399
   0.467
  0.5769
   5.488
  0.7573
   4.875
    8.85
   2.899
   0.685
  0.9799
  0.1117
   6.045
  0.2135
  0.8173
   4.816
   3.222
   1.184
  0.9425
   2.077
    1.19
   4.822
   2.055
   5.471
   9.561
   4.674
   3.202
   1.012
   2.903
    0.82
   1.513
   5.158
   1.382
   8.924
  0.4536
   5.817
   2.998
   0.847
  0.3767
   2.365
  0.1078
  0.7654
  0.2737
   3.665
   2.429
   9.557
  0.2627
   3.857
   1.687
   1.106
   3.607
  0.7446
   5.755
   1.427
 0.08734
   3.985
  0.5525
   4.387
  0.1328
    1.01
  0.1616
   2.979
   2.872
   2.757
  0.1377
  0.2365
  0.8591
   1.914
   2.267
   1.905
   3.852
    6.61
    1.14
  0.6809
  0.7792
   4.561
   5.905
   1.166
   4.688
   1.418
   3.748
 0.01555
   11.36
   1.712
   0.138
  0.4469
  0.2287
   0.987
  0.1676
   1.794
   2.065
   8.924
   3.018
  0.6728
   0.777
   4.454
 0.04331
  0.8917
  0.5003
   3.214
  0.1505
  0.6155
   2.483
  0.5159
   1.089
  0.1474
   4.468
  0.6227
