      24
   34.68
   14.25
   28.23
    18.8
   15.25
   39.16
   32.04
   17.07
   14.44
   15.87
   96.19
   28.24
   18.61
   26.08
   31.78
   43.05
   16.32
   20.64
   14.23
   21.04
   46.37
    32.8
   14.64
   19.12
   9.374
   20.59
   15.51
   10.26
   19.36
   38.99
   33.51
   28.11
   25.39
   25.44
   13.04
   23.96
   15.87
   16.75
   33.33
    9.36
   16.43
   17.29
   21.97
   19.51
   38.72
   13.97
   16.44
   29.81
   22.12
   37.39
   32.16
   23.08
    32.9
   20.99
   30.76
   45.41
   21.37
   18.33
    36.2
   65.24
   28.76
   42.57
   49.25
   43.47
    28.6
   40.79
   10.18
   40.86
    39.6
   29.62
   45.29
   22.02
   22.45
   21.56
   22.17
   47.17
   14.44
   16.93
   49.35
   24.17
   38.05
    26.6
   33.78
   37.98
   16.14
   51.74
   12.73
   36.74
   22.27
   26.91
   13.55
   28.38
   19.35
   12.24
    19.7
   33.23
   29.42
   25.51
   31.89
   20.15
   18.45
   9.836
   22.41
   30.36
   13.56
   12.58
   33.83
   11.28
   20.41
   37.97
   59.48
   30.21
   30.53
   18.72
   34.67
   19.56
   19.32
   28.53
   11.13
   24.96
      26
   30.91
    10.6
    9.35
   15.74
   20.67
   9.947
   54.03
   33.01
   7.241
   38.96
   33.23
   24.74
    16.9
   34.39
    25.8
   13.51
   28.62
   16.51
   64.01
   24.96
   38.46
   11.35
   12.04
   27.66
   46.38
   18.65
   33.07
   24.48
   25.71
   23.39
   24.85
   53.05
   73.08
   16.86
   16.53
    36.3
   21.57
   36.08
   12.94
   54.12
   22.73
   27.72
   37.72
   30.75
   19.97
   20.28
   38.17
   20.89
    79.3
   49.74
   33.81
    24.6
    23.3
   26.04
   18.41
   50.42
   37.62
   22.42
   25.85
   34.59
   25.22
   35.59
   63.62
   18.31
   22.81
   46.46
   48.65
   13.17
   55.72
    13.6
   17.61
   25.66
    15.7
   17.87
   8.029
   28.91
   28.04
    23.8
   27.64
   25.26
    40.4
   34.62
    27.4
   15.75
   27.55
   40.35
   20.62
   21.49
   22.77
   35.95
   20.57
   23.77
   30.28
    28.9
   15.95
   19.51
   12.88
   17.75
   25.23
    13.1
   24.06
   12.65
   13.77
   17.96
   27.12
   19.97
   36.04
    24.3
   17.59
   19.41
   22.06
    57.6
   25.13
   33.98
   11.96
   24.17
   48.42
   14.29
   41.36
      22
   15.69
   21.94
   22.07
   26.84
    13.6
   36.67
   34.65
   59.29
