    80.2
   106.1
   87.49
   116.1
   87.48
   83.44
   68.14
   112.3
   149.1
   98.39
    47.7
   89.27
   98.89
   97.44
   94.48
   54.08
   104.2
   64.63
   129.7
   96.94
   99.57
   167.3
   65.23
   131.4
   78.86
   83.31
   61.41
   150.3
   66.99
   52.18
   100.4
   70.89
   85.86
   111.1
   108.6
   164.5
    54.2
   54.01
   122.9
     156
   169.6
   74.54
   114.3
   60.72
   122.6
   57.79
   70.25
   77.39
   56.13
    57.3
   87.37
   68.46
   51.81
   114.5
   94.17
   54.56
   107.7
   71.24
   116.8
   72.83
   188.4
   151.2
   74.88
    70.2
     127
   86.86
   93.23
   117.8
   147.2
   103.7
   84.17
   43.76
   99.23
    43.4
   60.93
    75.2
   108.4
    67.5
   71.61
   151.7
   75.06
   88.62
   108.8
   56.36
   99.96
   192.3
   168.1
   77.57
   90.42
    90.2
   160.7
   53.45
   111.6
   46.92
   51.99
     130
   81.77
    52.4
   140.9
   104.6
   84.62
   66.79
   72.78
     140
   141.2
     226
     176
   151.4
     104
    69.8
   112.8
   143.9
    94.2
   86.39
   64.12
   71.31
   122.9
   90.48
   60.62
   53.83
    64.4
   116.6
   98.08
   40.72
   175.8
   60.38
   82.19
   119.9
   62.07
   153.7
   87.03
   182.4
   62.97
   112.9
   85.88
   55.67
   110.4
   162.2
   74.44
   92.55
   92.37
   103.9
   116.1
   130.5
   236.8
   90.58
   76.95
   96.53
   102.9
   105.5
   61.86
   171.4
    95.3
   87.29
   56.99
   41.87
   145.3
   68.97
   93.11
   142.5
   84.37
   85.27
   56.59
     152
   80.08
   79.66
   67.04
   87.74
   191.3
   93.52
   161.2
   102.5
   90.39
   104.1
   71.85
    74.8
   156.9
   73.53
   43.62
   103.1
   96.69
   138.8
   89.13
   97.26
   84.65
   142.9
   74.99
   140.7
   100.8
     117
    70.1
   128.1
   78.03
   97.75
   96.85
   83.81
   87.87
   67.28
    64.9
   40.01
   78.72
   84.22
   45.45
   86.41
   78.26
   95.23
   154.7
   87.94
   107.1
   84.01
   71.06
   57.75
   116.2
   102.6
   62.02
    79.3
     115
   101.8
   108.2
   73.06
   110.2
   59.15
   100.6
   72.57
   80.45
   101.4
   64.84
   97.37
   119.4
   71.45
   140.9
   155.6
   100.8
   238.7
   61.44
   115.7
   84.86
   83.74
   116.5
   65.73
   138.1
   88.49
   108.4
   63.43
   78.91
   56.67
   78.44
     116
   101.2
   95.26
