   15.56
   13.24
   9.759
   9.681
    13.1
   7.714
   9.708
   11.39
   12.15
   9.107
   13.27
   8.813
   9.187
   16.04
   6.703
   12.56
   12.71
   20.48
   14.11
   10.71
   13.32
   13.35
    7.63
   8.168
   6.683
   9.419
   12.72
     9.5
   15.18
   16.15
   12.36
    9.22
   12.05
   18.88
   9.366
   17.34
   11.63
   6.278
   17.48
   12.15
   13.13
   11.89
   14.11
   10.53
   8.101
   9.458
   18.92
   5.436
   11.98
   10.04
   6.876
   11.26
   12.77
   15.32
   19.16
   11.87
   13.48
   17.06
   6.108
   16.09
   8.771
   12.13
   9.486
   6.469
   8.009
   16.38
   12.72
   10.27
   12.58
   11.34
   11.59
   8.448
   14.24
   16.57
    8.99
    15.3
   7.848
   12.53
   16.21
   13.36
   8.628
   17.55
   13.38
      14
   16.82
   13.13
   11.07
   23.25
   7.065
    10.7
   11.35
   7.047
   12.06
   16.36
   12.08
   12.71
   10.49
    14.3
   8.539
   15.73
   8.484
   10.45
   22.36
    10.8
   15.81
   8.972
   14.79
   11.88
   12.99
   11.14
   8.465
   9.838
   8.954
   8.948
    8.41
   11.07
   13.34
   12.43
   13.56
   10.55
   7.616
   17.51
   4.812
     8.5
   9.654
   14.97
   8.909
   7.594
   17.49
   19.13
   8.674
   15.02
   9.216
   9.394
    15.2
   7.664
   13.33
    8.96
   5.912
   5.696
   11.64
   14.45
   8.148
    12.7
   14.52
   11.69
   6.228
   7.697
   13.09
   19.96
   17.02
   18.71
   10.55
   12.24
    9.03
   10.86
   18.74
   11.26
   12.89
   8.196
    8.14
   5.981
   8.721
   12.57
   13.21
   9.188
   11.84
   9.614
   12.35
   7.112
    10.8
   11.07
   10.78
   10.05
    7.94
     7.5
   10.49
   8.016
   10.55
   13.44
   17.36
    11.3
   5.541
   10.05
   13.56
   20.15
    13.4
    9.27
   6.786
   11.84
   15.56
   11.33
   9.946
   8.195
   9.989
   13.61
   13.09
   24.26
    4.61
   12.02
   5.866
   8.557
   8.905
   20.44
   8.544
   10.82
   12.91
   18.74
   9.766
   14.15
   19.34
   13.14
   8.729
   10.83
   7.311
   13.55
   14.03
   11.76
   18.67
    12.6
   6.576
   8.922
   10.41
   13.87
   19.12
   13.16
   6.527
   10.92
   14.56
   13.54
   7.936
    12.2
   11.16
    19.1
   11.82
   10.38
   14.56
   14.31
    9.12
   10.01
   13.96
   10.03
   22.33
   11.45
   7.613
   14.58
   10.38
   15.03
   5.861
   7.229
