   27.42
   11.16
   16.26
    29.4
      14
   12.33
   5.727
   25.52
   16.82
   10.59
   10.83
   18.77
   15.71
   17.78
   10.98
   13.54
    17.9
   27.65
   16.97
   20.38
   18.87
   16.86
   15.39
   15.29
   10.23
   29.66
   22.28
   19.13
   17.89
    13.6
   14.74
   21.41
   18.06
   11.57
   21.74
   15.23
   22.55
    11.7
   22.96
   15.29
   17.45
   20.03
   20.04
   15.93
   19.26
   14.74
   11.74
   14.63
   16.94
   10.08
   24.88
   12.74
   23.44
   17.92
   10.22
   7.437
   12.21
   19.21
   10.13
   8.156
   11.22
   11.25
   14.91
   13.48
   11.61
   15.74
   20.75
   7.475
    19.3
   15.74
   24.63
   18.45
   16.85
   21.17
   10.22
    13.9
   20.01
   11.05
   14.63
   13.82
   11.52
   7.461
   19.56
   14.89
   14.25
   19.13
    10.2
   17.32
   13.51
   8.013
   19.56
   14.84
   15.15
   17.15
   22.95
   18.01
   14.29
   17.06
   8.922
   23.88
   14.06
   20.67
   13.53
   10.58
   7.144
   24.41
   17.82
    11.1
   21.11
   10.45
   20.41
   23.19
   11.23
   12.17
   11.37
   20.72
   21.09
   12.24
    14.9
   21.66
   12.88
   25.79
   27.28
   16.75
   10.31
    8.76
   11.42
   18.78
   28.35
   17.33
    10.1
   22.24
   22.04
   30.32
    11.1
   17.73
   11.93
   13.52
   26.81
   29.69
   8.137
   17.93
   5.878
   11.29
   12.88
    16.6
   10.16
   20.37
   19.61
   16.07
   14.42
   12.41
   17.36
    7.94
   16.24
    17.1
   22.21
   18.78
   5.803
   18.84
    10.4
   11.91
   14.44
   22.03
   9.293
   20.66
   15.87
   9.828
   26.09
   19.59
   19.78
    27.7
   11.88
   16.57
   17.07
    21.4
   24.28
   18.18
   18.36
   13.51
    17.8
   14.38
   9.795
   8.266
   8.106
   14.13
   24.41
   15.34
   12.95
   10.26
   10.94
   15.81
   6.774
   16.35
   15.87
   16.89
   21.56
   5.931
   10.34
   21.27
   12.91
   24.47
   11.73
   16.15
   15.88
   25.91
   10.93
   18.46
   13.73
   16.34
   21.26
   20.62
   13.13
   10.44
   18.16
   17.17
   10.75
   20.93
   14.34
    12.8
   7.948
   7.055
    19.2
   20.04
   24.38
   33.64
   12.03
   8.666
    14.9
   27.96
   13.04
   17.96
   19.39
    11.9
   20.84
   19.16
   19.34
   19.13
   35.61
   7.102
   21.29
   13.82
    20.7
    15.9
    18.4
   10.28
   19.51
   19.98
   16.41
   18.36
