   4.622
   3.741
    5.78
   5.268
    4.89
   5.401
    4.99
   6.344
   4.196
   3.585
   4.592
    4.02
   4.541
   3.832
   5.069
   3.795
   3.166
   5.985
   5.967
   3.573
   5.663
   3.381
   5.188
   3.779
   4.851
   3.898
   3.643
   6.341
   4.604
    3.57
   5.366
   5.837
   6.157
   5.161
   3.196
   5.798
   6.356
   5.807
   6.116
   4.078
    4.59
   3.209
   5.956
   3.389
   5.167
   3.902
   5.561
   4.089
   5.268
    3.88
   6.118
   5.646
   4.752
    4.28
   3.146
    3.55
   4.833
   6.036
   4.353
   4.799
   5.509
    3.29
   3.349
   5.843
   5.064
   5.268
   4.924
   5.587
   4.926
   4.119
   6.193
   3.967
   3.389
   4.214
   6.195
   5.874
   4.599
   4.008
   4.362
   4.052
     3.2
   6.368
   4.345
   3.656
   4.042
   4.558
    3.41
   5.969
   4.359
   3.293
   3.683
   4.081
   4.399
   5.549
   5.675
   3.741
    3.62
   4.737
   3.855
   3.354
   5.556
   5.346
   4.092
   5.759
   4.933
    6.04
    3.56
   5.655
   3.257
   4.619
   5.704
   5.495
   3.361
    5.05
   4.265
   3.747
   6.013
   3.449
   5.675
   5.009
   5.292
   5.835
    4.01
   5.793
   5.817
   5.043
   4.204
   5.468
   5.749
   5.895
   4.429
   6.066
   4.952
   6.246
   3.636
   4.253
   5.308
   3.176
   4.556
   5.161
   3.209
   4.557
   5.572
   5.278
   3.902
   6.379
   4.542
   3.809
   4.898
   5.135
    4.69
   6.194
   4.543
   5.676
   6.063
   3.289
   6.058
   4.717
   5.646
    5.41
   3.828
    6.12
   6.138
   5.839
    4.77
   5.227
   3.696
   5.798
   5.552
   4.962
   4.136
   5.173
   4.875
   4.292
   4.902
   5.213
   4.624
   5.256
   5.493
   3.386
   3.177
    5.55
   3.451
   3.498
   3.977
   6.379
    5.62
   4.774
   6.365
   5.867
    5.16
   6.203
    5.08
   4.438
   3.522
   6.343
   5.018
   5.647
   4.794
   5.192
   5.053
   5.886
   5.503
    4.82
   3.723
   5.944
   6.278
    5.46
   3.676
   4.833
   5.783
    3.67
   4.983
   5.577
   3.305
   5.744
   3.805
   3.259
    3.41
   3.603
   6.333
   4.839
   6.156
   5.533
   5.182
   4.825
   5.972
   6.293
   4.051
   5.914
   5.804
   5.484
   4.849
   5.388
    3.61
   4.882
   3.472
   3.384
   4.034
   4.532
   4.159
   3.312
   5.729
   4.203
   6.196
   4.448
    3.95
   3.606
    5.89
    3.18
